1389	598	8
-0.8754828572273254	-0.9801861047744751	1.2342009544372559	0.9384419322013855	0.6075459122657776	1.0	7	0.0	0	0.0	0	0.0	-0.9009755253791809	-0.43386998772621155	1.0	0.0	0.0	0.0	-0.43386998772621155	0.9009755253791809
-0.712438702583313	-0.9167535901069641	1.1024768352508545	0.973998486995697	0.571989119052887	1.0	7	0.0	0	0.0	0	0.0	-0.9009755253791809	-0.43386998772621155	1.0	0.0	0.0	0.0	-0.43386998772621155	0.9009755253791809
-0.712438702583313	-0.9801861047744751	1.2342009544372559	0.973998486995697	0.6075459122657776	1.0	7	0.0	0	0.0	0	0.0	-0.9009755253791809	-0.43386998772621155	1.0	0.0	0.0	0.0	-0.43386998772621155	0.9009755253791809
-0.8754828572273254	-0.9801861047744751	1.3804041147232056	0.9384419322013855	0.643103301525116	1.0	7	0.0	0	0.0	0	0.0	-1.0	0.0	1.0	0.0	0.0	0.0	0.0	1.0
-0.712438702583313	-0.9801861047744751	1.2342009544372559	0.973998486995697	0.6075459122657776	1.0	7	0.0	0	0.0	0	0.0	-1.0	0.0	1.0	0.0	0.0	0.0	0.0	1.0
-0.712438702583313	-0.9801861047744751	1.3804041147232056	0.973998486995697	0.643103301525116	1.0	7	0.0	0	0.0	0	0.0	-1.0	0.0	1.0	0.0	0.0	0.0	0.0	1.0
-0.8754828572273254	-0.9167535901069641	1.512127161026001	0.9384419322013855	0.678659975528717	1.0	7	0.0	0	0.0	0	0.0	-0.9009741544723511	0.43387287855148315	1.0	0.0	0.0	0.0	0.43387284874916077	0.9009740948677063
-0.712438702583313	-0.9801861047744751	1.3804041147232056	0.973998486995697	0.643103301525116	1.0	7	0.0	0	0.0	0	0.0	-0.9009741544723511	0.43387287855148315	1.0	0.0	0.0	0.0	0.43387284874916077	0.9009740948677063
-0.712438702583313	-0.9167535901069641	1.512127161026001	0.973998486995697	0.678659975528717	1.0	7	0.0	0	0.0	0	0.0	-0.9009741544723511	0.43387287855148315	1.0	0.0	0.0	0.0	0.43387287855148315	0.9009741544723511
-0.8754828572273254	-0.8024520874023438	1.6032835245132446	0.9384419322013855	0.714216411113739	1.0	7	0.0	0	0.0	0	0.0	-0.6235063672065735	0.7818183302879333	1.0	0.0	0.0	0.0	0.7818183302879333	0.6235063672065735
-0.712438702583313	-0.9167535901069641	1.512127161026001	0.973998486995697	0.678659975528717	1.0	7	0.0	0	0.0	0	0.0	-0.6235063672065735	0.7818183302879333	1.0	0.0	0.0	0.0	0.7818183302879333	0.6235063672065735
-0.712438702583313	-0.8024520874023438	1.6032835245132446	0.973998486995697	0.714216411113739	1.0	7	0.0	0	0.0	0	0.0	-0.6235063672065735	0.7818183302879333	1.0	0.0	0.0	0.0	0.7818183302879333	0.6235063672065735
-0.8754828572273254	-0.5173889398574829	1.6032835245132446	0.9384419322013855	0.2875373363494873	1.0	7	0.0	0	0.0	0	0.0	0.22253011167049408	0.9749258160591125	1.0	0.0	0.0	0.0	0.9749258160591125	-0.22253011167049408
-0.712438702583313	-0.6599209308624268	1.6358169317245483	0.973998486995697	0.25198137760162354	1.0	7	0.0	0	0.0	0	0.0	0.22253011167049408	0.9749258160591125	1.0	0.0	0.0	0.0	0.9749258160591125	-0.22253011167049408
-0.712438702583313	-0.5173889398574829	1.6032835245132446	0.973998486995697	0.2875373363494873	1.0	7	0.0	0	0.0	0	0.0	0.22253011167049408	0.9749258160591125	1.0	0.0	0.0	0.0	0.9749258160591125	-0.22253011167049408
-0.712438702583313	-0.33965587615966797	1.2342008352279663	0.7477017641067505	0.8650580644607544	1.0	7	0.0	0	0.0	0	1.0	0.0	0.0	0.0	-0.9009610414505005	-0.4338999390602112	0.0	0.4338999390602112	-0.9009610414505005
-0.712438702583313	-0.4030873775482178	1.5121270418167114	0.7362459301948547	0.9152493476867676	1.0	7	0.0	0	0.0	0	1.0	0.0	0.0	0.0	-0.9009615778923035	-0.43389883637428284	0.0	0.43389883637428284	-0.9009615778923035
-0.712438702583313	-0.9801861047744751	1.2342009544372559	0.8519247174263	0.9152492880821228	1.0	7	0.0	0	0.0	0	1.0	0.0	0.0	0.0	-0.9009633660316467	-0.4338952600955963	0.0	0.4338952600955963	-0.9009633660316467
-0.8754828572273254	-0.6599209308624268	1.6358169317245483	0.9384419322013855	0.25198137760162354	1.0	7	0.0	0	0.0	0	0.0	-0.22253134846687317	0.9749255180358887	1.0	0.0	0.0	0.0	0.9749255180358887	0.22253134846687317
-0.712438702583313	-0.8024520874023438	1.6032835245132446	0.973998486995697	0.21642565727233887	1.0	7	0.0	0	0.0	0	0.0	-0.22253134846687317	0.9749255180358887	1.0	0.0	0.0	0.0	0.9749255180358887	0.22253134846687317
-0.712438702583313	-0.6599209308624268	1.6358169317245483	0.973998486995697	0.25198137760162354	1.0	7	0.0	0	0.0	0	0.0	-0.22253134846687317	0.9749255180358887	1.0	0.0	0.0	0.0	0.9749255180358887	0.22253134846687317
-0.8754828572273254	-0.4030873775482178	1.5121270418167114	0.7370104193687439	0.9140813946723938	1.0	7	0.0	0	0.0	0	-1.0	0.0	0.0	0.0	-0.6234766244888306	-0.781842052936554	0.0	-0.781842052936554	0.6234766244888306
-0.8754828572273254	-0.33965587615966797	1.2342008352279663	0.7691089510917664	0.9543315768241882	1.0	7	0.0	0	0.0	0	-1.0	0.0	0.0	0.0	-0.6234766840934753	-0.7818419337272644	0.0	-0.7818419337272644	0.6234766840934753
-0.8754828572273254	-0.9801861047744751	1.2342009544372559	0.8412334322929382	0.8638901710510254	1.0	7	0.0	0	0.0	0	-1.0	0.0	0.0	0.0	-0.6234766840934753	-0.781842052936554	0.0	-0.781842052936554	0.6234766840934753
-0.8754828572273254	-0.4030873775482178	1.5121270418167114	0.9384419322013855	0.3230937421321869	1.0	7	0.0	0	0.0	0	0.0	0.6235066652297974	0.7818180918693542	1.0	0.0	0.0	0.0	0.7818180918693542	-0.6235066652297974
-0.712438702583313	-0.5173889398574829	1.6032835245132446	0.973998486995697	0.2875373363494873	1.0	7	0.0	0	0.0	0	0.0	0.6235066652297974	0.7818180918693542	1.0	0.0	0.0	0.0	0.7818180918693542	-0.6235066652297974
-0.712438702583313	-0.4030873775482178	1.5121270418167114	0.973998486995697	0.3230937421321869	1.0	7	0.0	0	0.0	0	0.0	0.6235066652297974	0.7818180918693542	1.0	0.0	0.0	0.0	0.7818180918693542	-0.6235066652297974
-0.8754828572273254	-0.33965587615966797	1.380403995513916	0.9384419322013855	0.3586503267288208	1.0	7	0.0	0	0.0	0	0.0	0.900976836681366	0.4338672161102295	1.0	0.0	0.0	0.0	0.4338672161102295	-0.900976836681366
-0.712438702583313	-0.4030873775482178	1.5121270418167114	0.973998486995697	0.3230937421321869	1.0	7	0.0	0	0.0	0	0.0	0.900976836681366	0.4338672161102295	1.0	0.0	0.0	0.0	0.4338672161102295	-0.900976836681366
-0.712438702583313	-0.33965587615966797	1.380403995513916	0.973998486995697	0.3586503267288208	1.0	7	0.0	0	0.0	0	0.0	0.900976836681366	0.4338672161102295	1.0	0.0	0.0	0.0	0.4338672161102295	-0.900976836681366
-0.8754828572273254	-0.33965587615966797	1.2342008352279663	0.9384419322013855	0.3942077159881592	1.0	7	0.0	0	0.0	0	0.0	1.0	0.0	1.0	0.0	0.0	0.0	0.0	-1.0
-0.712438702583313	-0.33965587615966797	1.380403995513916	0.973998486995697	0.3586503267288208	1.0	7	0.0	0	0.0	0	0.0	1.0	0.0	1.0	0.0	0.0	0.0	0.0	-1.0
-0.712438702583313	-0.33965587615966797	1.2342008352279663	0.973998486995697	0.3942077159881592	1.0	7	0.0	0	0.0	0	0.0	1.0	0.0	1.0	0.0	0.0	0.0	0.0	-1.0
-0.8754828572273254	-0.4030873775482178	1.102476716041565	0.9384419322013855	0.4297645092010498	1.0	7	0.0	0	0.0	0	0.0	0.9009782075881958	-0.4338643252849579	1.0	0.0	0.0	0.0	-0.4338643550872803	-0.9009782671928406
-0.712438702583313	-0.33965587615966797	1.2342008352279663	0.973998486995697	0.3942077159881592	1.0	7	0.0	0	0.0	0	0.0	0.9009782075881958	-0.4338643252849579	1.0	0.0	0.0	0.0	-0.4338643550872803	-0.9009782671928406
-0.712438702583313	-0.4030873775482178	1.102476716041565	0.973998486995697	0.4297645092010498	1.0	7	0.0	0	0.0	0	0.0	0.9009782075881958	-0.4338643252849579	1.0	0.0	0.0	0.0	-0.4338643252849579	-0.9009782075881958
-0.8754828572273254	-0.5173889398574829	1.0113202333450317	0.9384419322013855	0.46532097458839417	1.0	7	0.0	0	0.0	0	0.0	0.6235066652297974	-0.7818180918693542	1.0	0.0	0.0	0.0	-0.7818180918693542	-0.6235066652297974
-0.712438702583313	-0.4030873775482178	1.102476716041565	0.973998486995697	0.4297645092010498	1.0	7	0.0	0	0.0	0	0.0	0.6235066652297974	-0.7818180918693542	1.0	0.0	0.0	0.0	-0.7818180918693542	-0.6235066652297974
-0.712438702583313	-0.5173889398574829	1.0113202333450317	0.973998486995697	0.46532097458839417	1.0	7	0.0	0	0.0	0	0.0	0.6235066652297974	-0.7818180918693542	1.0	0.0	0.0	0.0	-0.7818180918693542	-0.6235066652297974
-0.712438702583313	-0.5173889398574829	1.0113202333450317	0.973998486995697	0.46532097458839417	1.0	7	0.0	0	0.0	0	0.0	0.22252315282821655	-0.9749274253845215	1.0	0.0	0.0	0.0	-0.9749274253845215	-0.22252315282821655
-0.8754828572273254	-0.6599209308624268	0.978787899017334	0.9384419322013855	0.5008768439292908	1.0	7	0.0	0	0.0	0	0.0	0.22252315282821655	-0.9749274253845215	1.0	0.0	0.0	0.0	-0.9749274253845215	-0.22252315282821655
-0.8754828572273254	-0.5173889398574829	1.0113202333450317	0.9384419322013855	0.46532097458839417	1.0	7	0.0	0	0.0	0	0.0	0.22252315282821655	-0.9749274253845215	1.0	0.0	0.0	0.0	-0.9749274253845215	-0.22252315282821655
-0.712438702583313	-0.8024520874023438	1.0113202333450317	0.973998486995697	0.5364325642585754	1.0	7	0.0	0	0.0	0	0.0	-0.22252437472343445	-0.9749271273612976	1.0	0.0	0.0	0.0	-0.9749271273612976	0.22252437472343445
-0.8754828572273254	-0.6599209308624268	0.978787899017334	0.9384419322013855	0.5008768439292908	1.0	7	0.0	0	0.0	0	0.0	-0.22252437472343445	-0.9749271273612976	1.0	0.0	0.0	0.0	-0.9749271273612976	0.22252437472343445
-0.712438702583313	-0.6599209308624268	0.978787899017334	0.973998486995697	0.5008768439292908	1.0	7	0.0	0	0.0	0	0.0	-0.22252437472343445	-0.9749271273612976	1.0	0.0	0.0	0.0	-0.9749271273612976	0.22252437472343445
-0.8754828572273254	-0.9167535901069641	1.1024768352508545	0.9384419322013855	0.571989119052887	1.0	7	0.0	0	0.0	0	0.0	-0.6235073208808899	-0.7818174362182617	1.0	0.0	0.0	0.0	-0.7818174362182617	0.6235073208808899
-0.712438702583313	-0.8024520874023438	1.0113202333450317	0.973998486995697	0.5364325642585754	1.0	7	0.0	0	0.0	0	0.0	-0.6235073208808899	-0.7818174362182617	1.0	0.0	0.0	0.0	-0.7818174362182617	0.6235073208808899
-0.712438702583313	-0.9167535901069641	1.1024768352508545	0.973998486995697	0.571989119052887	1.0	7	0.0	0	0.0	0	0.0	-0.6235073208808899	-0.7818174362182617	1.0	0.0	0.0	0.0	-0.7818174362182617	0.6235073208808899
0.8833659887313843	0.04008448123931885	-0.574213445186615	0.03515896201133728	0.5183171033859253	0	0	0	0	0	0	0.0	-8.922231700125849e-07	1.0	1.0	0.0	0.0	0.0	1.0	8.922231700125849e-07
0.8833659887313843	1.1089587211608887	-0.5742124915122986	0.03515896201133728	0.6060876846313477	0	0	0	0	0	0	0.0	-8.922231700125849e-07	1.0	1.0	0.0	0.0	0.0	1.0	8.922231700125849e-07
0.8149669766426086	1.1089587211608887	-0.5742124915122986	0.02953842282295227	0.6060876846313477	0	0	0	0	0	0	0.0	-8.922231700125849e-07	1.0	1.0	0.0	0.0	0.0	1.0	8.922231700125849e-07
0.8833659887313843	-0.2807445526123047	-1.1689635515213013	0.22052791714668274	0.08837293088436127	0	0	0	0	0	0	1.0	0.0	0.0	0.0	1.0	-1.2552912949104211e-06	0.0	1.2552912949104211e-06	1.0
0.8833659887313843	-0.025478601455688477	-0.6397754549980164	0.24150383472442627	0.13185785710811615	0	0	0	0	0	0	1.0	0.0	0.0	0.0	1.0	4.040387580062088e-07	0.0	-4.040387580062088e-07	1.0
0.8833659887313843	-0.3906625509262085	-0.9407174587249756	0.21149563789367676	0.10712862014770508	0	0	0	0	0	0	1.0	0.0	0.0	0.0	1.0	2.336224270038656e-06	0.0	-2.336224270038656e-06	1.0
0.8833659887313843	-0.8254783153533936	2.296497344970703	0.6299541592597961	0.4982450306415558	0	0	0	0	0	0	0.0	0.012557831592857838	0.9999211430549622	0.0	-0.9999211430549622	0.012557831592857838	1.0	0.0	0.0
0.8833659887313843	-0.17629629373550415	2.288344383239746	0.5766213536262512	0.4982450306415558	0	0	0	0	0	0	0.0	0.012557831592857838	0.9999211430549622	0.0	-0.9999211430549622	0.012557831592857838	1.0	0.0	0.0
3.403899505853687e-17	-0.17629629373550415	2.288344383239746	0.5766213536262512	0.42565640807151794	0	0	0	0	0	0	0.0	0.012557831592857838	0.9999211430549622	0.0	-0.9999211430549622	0.012557831592857838	1.0	0.0	0.0
0.8833659887313843	-0.8357106447219849	-1.8648685216903687	0.3401111960411072	0.5179312825202942	0	0	0	0	0	0	0.0	-0.22252367436885834	0.9749273061752319	0.0	0.9749273061752319	0.22252367436885834	-1.0	0.0	0.0
0.8833659887313843	-0.588727593421936	-1.8084955215454102	0.36021846532821655	0.5179312825202942	0	0	0	0	0	0	0.0	-0.22252367436885834	0.9749273061752319	0.0	0.9749273061752319	0.22252367436885834	-1.0	0.0	0.0
-2.9164843225235507e-17	-0.588727593421936	-1.8084955215454102	0.36021846532821655	0.590519905090332	0	0	0	0	0	0	0.0	-0.22252367436885834	0.9749273061752319	0.0	0.9749273061752319	0.22252367436885834	-1.0	0.0	0.0
0.8833659887313843	-0.5887273550033569	1.8057575225830078	0.6329784989356995	0.6434264183044434	0	0	0	0	0	0	0.0	-0.22252367436885834	-0.9749273061752319	-0.00018897348491009325	0.9749272465705872	-0.22252365946769714	1.0	0.00018423541041556746	-4.205107325105928e-05
0.8833659887313843	-0.8357104063034058	1.8621305227279663	0.6127912998199463	0.6434224843978882	0	0	0	0	0	0	0.0	-0.22252367436885834	-0.9749273061752319	-0.00018897349946200848	0.9749273061752319	-0.22252367436885834	1.0	0.00018423542496748269	-4.205107325105928e-05
2.766276760526169e-17	-0.8357104063034058	1.8621305227279663	0.6127912998199463	0.5708338022232056	0	0	0	0	0	0	0.0	-0.22252367436885834	-0.9749273061752319	-0.00018897348491009325	0.9749272465705872	-0.22252365946769714	1.0	0.00018423541041556746	-4.205107325105928e-05
0.8833659887313843	-0.17629629373550415	2.288344383239746	0.009738266468048096	0.37313970923423767	0	0	0	0	0	0	0.0	0.9941805005073547	0.10772754997015	0.0	0.1077275425195694	-0.99418044090271	-1.0	0.0	0.0
0.8833659887313843	-0.025478363037109375	0.8964975476264954	0.12398659437894821	0.37313970923423767	0	0	0	0	0	0	0.0	0.9941805005073547	0.10772754997015	0.0	0.1077275425195694	-0.99418044090271	-1.0	0.0	0.0
1.2472342599818471e-17	-0.025478363037109375	0.8964975476264954	0.12398659437894821	0.44572845101356506	0	0	0	0	0	0	0.0	0.9941805005073547	0.10772754997015	0.0	0.1077275425195694	-0.99418044090271	-1.0	0.0	0.0
0.8833659887313843	-0.8357104063034058	1.8621305227279663	0.4475804567337036	0.6631085872650146	0	0	0	0	0	0	0.0	-0.9997226595878601	0.023549802601337433	0.0	-0.023549802601337433	-0.9997227191925049	1.0	0.0	0.0
0.8833659887313843	-0.8254783153533936	2.296497344970703	0.41188013553619385	0.6631085872650146	0	0	0	0	0	0	0.0	-0.9997226595878601	0.023549802601337433	0.0	-0.023549804463982582	-0.9997227191925049	1.0	0.0	0.0
3.4374760904061946e-17	-0.8254783153533936	2.296497344970703	0.41188013553619385	0.5905200242996216	0	0	0	0	0	0	0.0	-0.9997226595878601	0.023549802601337433	0.0	-0.023549802601337433	-0.9997227191925049	1.0	0.0	0.0
0.8833659887313843	-0.8357105255126953	-0.7263934016227722	0.5766215324401855	0.6434280872344971	0	0	0	0	0	0	0.0	-0.2225198745727539	-0.9749281406402588	-0.00019447684462647885	0.974928081035614	-0.2225198745727539	1.0	0.00018960097804665565	-4.327496935729869e-05
-1.2355772999175048e-17	-0.8357105255126953	-0.7263934016227722	0.5766213536262512	0.5708394050598145	0	0	0	0	0	0	0.0	-0.2225198745727539	-0.9749281406402588	-0.0001944768737303093	0.9749282002449036	-0.2225199043750763	1.0	0.00018960097804665565	-4.327496571931988e-05
-1.3307072062641658e-17	-0.5887274742126465	-0.7827653884887695	0.5968086123466492	0.5708434581756592	0	0	0	0	0	0	0.0	-0.2225198745727539	-0.9749281406402588	-0.00019447685917839408	0.9749281406402588	-0.2225198894739151	1.0	0.00018960096349474043	-4.327496571931988e-05
0.8833659887313843	-0.8357104063034058	0.7236555814743042	0.3759956359863281	0.5179312825202942	0	0	0	0	0	0	0.0	-0.22252009809017181	0.9749281406402588	5.042069233240909e-07	0.974928081035614	0.22252006828784943	-1.0	4.915655154036358e-07	1.121961759054102e-07
0.8833659887313843	-0.5887273550033569	0.7800276279449463	0.3961029052734375	0.5179312825202942	0	0	0	0	0	0	0.0	-0.22252009809017181	0.9749281406402588	0.0	0.974928081035614	0.22252006828784943	-1.0	0.0	0.0
1.0853681662769592e-17	-0.5887273550033569	0.7800276279449463	0.3961029052734375	0.590519905090332	0	0	0	0	0	0	0.0	-0.22252009809017181	0.9749281406402588	2.331918267373112e-06	0.974928081035614	0.22252006828784943	-1.0	2.273452764711692e-06	5.188986733628553e-07
0.8833659887313843	-0.8357105255126953	-0.6397753953933716	0.4521414041519165	0.5179311633110046	0	0	0	0	0	0	0.0	-1.0	8.743331392224718e-08	6.682015509795747e-07	-8.743331392224718e-08	-1.0	1.0	5.842308109732866e-14	6.682015509795747e-07
0.8833659887313843	-0.8357104063034058	0.7236555814743042	0.3401111960411072	0.5179311633110046	0	0	0	0	0	0	0.0	-1.0	8.743331392224718e-08	0.0	-8.743331392224718e-08	-1.0	1.0	0.0	0.0
1.00619614558961e-17	-0.8357104063034058	0.7236555814743042	0.3401111960411072	0.44534263014793396	0	0	0	0	0	0	0.0	-1.0	8.743331392224718e-08	5.647733587466064e-07	-8.743331392224718e-08	-1.0	1.0	4.9380004886511245e-14	5.647733587466064e-07
0.8833659887313843	1.1745214462280273	-0.6397755742073059	0.3401111960411072	0.10675428807735443	0	0	0	0	0	0	0.0	1.0	0.0	-1.0	0.0	0.0	0.0	0.0	1.0
0.8833659887313843	1.1745214462280273	-1.7980586290359497	0.3401111960411072	0.011579200625419617	0	0	0	0	0	0	0.0	1.0	0.0	-1.0	0.0	0.0	0.0	0.0	1.0
-2.957312303197943e-17	1.1745214462280273	-1.7980586290359497	0.4126998782157898	0.011579200625419617	0	0	0	0	0	0	0.0	1.0	0.0	-1.0	0.0	0.0	0.0	0.0	1.0
0.8833659887313843	-0.3906625509262085	-0.9407174587249756	0.6127912998199463	0.6434425115585327	0	0	0	0	0	0	0.0	-0.6234911680221558	-0.7818304300308228	-0.0005010662716813385	0.7818303108215332	-0.6234910488128662	0.9999998807907104	0.00039174885023385286	-0.0003124103823211044
0.8833659887313843	-0.5887274742126465	-0.7827653884887695	0.5968087315559387	0.643432080745697	0	0	0	0	0	0	0.0	-0.6234911680221558	-0.7818304300308228	-0.0005010662716813385	0.7818303108215332	-0.6234910488128662	0.9999998807907104	0.00039174885023385286	-0.0003124103823211044
-1.3307072062641658e-17	-0.5887274742126465	-0.7827653884887695	0.5968086123466492	0.5708434581756592	0	0	0	0	0	0	0.0	-0.6234911680221558	-0.7818304300308228	-0.0005010662716813385	0.7818303108215332	-0.6234910488128662	0.9999998807907104	0.00039174885023385286	-0.0003124103823211044
0.8833659887313843	-0.5887273550033569	0.7800276279449463	0.3961029052734375	0.5179312825202942	0	0	0	0	0	0	0.0	-0.623490571975708	0.7818308472633362	0.0	0.7818307876586914	0.623490571975708	-1.0	0.0	0.0
0.8833659887313843	-0.39066243171691895	0.9379794597625732	0.41188013553619385	0.5179312825202942	0	0	0	0	0	0	0.0	-0.623490571975708	0.7818308472633362	0.0	0.7818307876586914	0.623490571975708	-1.0	0.0	0.0
1.3231626573331921e-17	-0.39066243171691895	0.9379794597625732	0.41188013553619385	0.590519905090332	0	0	0	0	0	0	0.0	-0.623490571975708	0.7818308472633362	0.0	0.7818308472633362	0.623490571975708	-1.0	0.0	0.0
0.8833659887313843	-0.8254786729812622	-2.1035027503967285	0.649553120136261	0.4982450306415558	0	0	0	0	0	0	0.0	-0.9990820288658142	-0.04283785820007324	0.0	0.04283785820007324	-0.9990820288658142	1.0	0.0	0.0
0.8833659887313843	-0.8357106447219849	-1.8648685216903687	0.6299542188644409	0.4982450306415558	0	0	0	0	0	0	0.0	-0.9990820288658142	-0.04283785820007324	0.0	0.04283786192536354	-0.999082088470459	1.0	0.0	0.0
-2.995657749417941e-17	-0.8357106447219849	-1.8648685216903687	0.6299542188644409	0.42565640807151794	0	0	0	0	0	0	0.0	-0.9990820288658142	-0.04283785820007324	0.0	0.04283786192536354	-0.999082088470459	1.0	0.0	0.0
0.8833659887313843	-0.2807445526123047	-1.1689635515213013	0.6162728667259216	0.011579200625419617	0	0	0	0	0	0	0.0	-0.9009681344032288	-0.43388524651527405	0.0	-0.43388524651527405	0.9009681344032288	-1.0	0.0	0.0
0.8833659887313843	-0.3906625509262085	-0.9407174587249756	0.6349287629127502	0.011579200625419617	0	0	0	0	0	0	0.0	-0.9009681344032288	-0.43388524651527405	0.0	-0.43388524651527405	0.9009681940078735	-1.0	0.0	0.0
-1.581299835757819e-17	-0.3906625509262085	-0.9407174587249756	0.6349287629127502	0.08416788280010223	0	0	0	0	0	0	0.0	-0.9009681344032288	-0.43388524651527405	0.0	-0.43388524651527405	0.9009681344032288	-1.0	0.0	0.0
0.8833659887313843	-0.39066243171691895	0.9379794597625732	0.5766215324401855	0.20789030194282532	0	0	0	0	0	0	0.0	-0.9009679555892944	0.4338856041431427	0.0	0.4338856041431427	0.9009679555892944	-1.0	0.0	0.0
0.8833659887313843	-0.28074437379837036	1.1662254333496094	0.5954745411872864	0.20789030194282532	0	0	0	0	0	0	0.0	-0.9009679555892944	0.4338856041431427	0.0	0.4338856339454651	0.9009680151939392	-1.0	0.0	0.0
1.6724796238072944e-17	-0.28074437379837036	1.1662254333496094	0.5954745411872864	0.28047892451286316	0	0	0	0	0	0	0.0	-0.9009679555892944	0.4338856041431427	0.0	0.4338856339454651	0.9009680151939392	-1.0	0.0	0.0
0.8833659887313843	-0.2807445526123047	-1.422298550605774	0.5954567790031433	0.011579200625419617	0	0	0	0	0	0	0.0	-1.0	0.0	0.0	0.0	1.0	-1.0	0.0	0.0
0.8833659887313843	-0.2807445526123047	-1.1689635515213013	0.6162728667259216	0.011579200625419617	0	0	0	0	0	0	0.0	-1.0	0.0	0.0	0.0	1.0	-1.0	0.0	0.0
-1.937718726817118e-17	-0.2807445526123047	-1.1689635515213013	0.6162728667259216	0.08416788280010223	0	0	0	0	0	0	0.0	-1.0	0.0	0.0	0.0	1.0	-1.0	0.0	0.0
0.8833659887313843	-0.28074437379837036	1.1662254333496094	0.5954745411872864	0.20789030194282532	0	0	0	0	0	0	0.0	-1.0	0.0	0.0	0.0	1.0	-1.0	0.0	0.0
0.8833659887313843	-0.28074437379837036	1.4195594787597656	0.6162906289100647	0.20789030194282532	0	0	0	0	0	0	0.0	-1.0	0.0	0.0	0.0	1.0	-1.0	0.0	0.0
2.064133761983392e-17	-0.28074437379837036	1.4195594787597656	0.6162906289100647	0.28047892451286316	0	0	0	0	0	0	0.0	-1.0	0.0	0.0	0.0	1.0	-1.0	0.0	0.0
0.8833659887313843	-0.025478601455688477	-2.1035027503967285	0.3401111960411072	0.27361229062080383	0	0	0	0	0	0	0.0	0.0	-1.0	-1.0	0.0	0.0	0.0	1.0	0.0
0.8833659887313843	-0.8254786729812622	-2.1035027503967285	0.3401123881340027	0.20789030194282532	0	0	0	0	0	0	0.0	0.0	-1.0	-1.0	0.0	0.0	0.0	1.0	0.0
-3.364916799689778e-17	-0.8254786729812622	-2.1035027503967285	0.4127010107040405	0.20789030194282532	0	0	0	0	0	0	0.0	0.0	-1.0	-1.0	0.0	0.0	0.0	1.0	0.0
0.8833659887313843	-0.3906625509262085	-1.65054452419281	0.5766037106513977	0.011579200625419617	0	0	0	0	0	0	0.0	-0.900968074798584	0.4338854253292084	0.0	0.4338854253292084	0.900968074798584	-1.0	0.0	0.0
0.8833659887313843	-0.2807445526123047	-1.422298550605774	0.5954567790031433	0.011579200625419617	0	0	0	0	0	0	0.0	-0.900968074798584	0.4338854253292084	0.0	0.43388545513153076	0.9009681344032288	-1.0	0.0	0.0
-2.329374353918318e-17	-0.2807445526123047	-1.422298550605774	0.5954567790031433	0.08416788280010223	0	0	0	0	0	0	0.0	-0.900968074798584	0.4338854253292084	0.0	0.43388545513153076	0.9009681344032288	-1.0	0.0	0.0
0.8833659887313843	-0.28074437379837036	1.4195594787597656	0.6162906289100647	0.20789030194282532	0	0	0	0	0	0	0.0	-0.9009689688682556	-0.4338836073875427	0.0	-0.43388357758522034	0.9009689688682556	-1.0	0.0	0.0
0.8833659887313843	-0.3906623125076294	1.6478065252304077	0.6349465250968933	0.20789030194282532	0	0	0	0	0	0	0.0	-0.9009689688682556	-0.4338836073875427	0.0	-0.43388357758522034	0.9009689688682556	-1.0	0.0	0.0
2.4205543074039158e-17	-0.3906623125076294	1.6478065252304077	0.6349465250968933	0.28047892451286316	0	0	0	0	0	0	0.0	-0.9009689688682556	-0.4338836073875427	0.0	-0.43388354778289795	0.9009689092636108	-1.0	0.0	0.0
0.8833659887313843	-0.588727593421936	-1.8084955215454102	0.36021846532821655	0.5179312825202942	0	0	0	0	0	0	0.0	-0.6234883666038513	0.7818326950073242	0.0	0.7818326950073242	0.6234884262084961	-1.0	0.0	0.0
0.8833659887313843	-0.3906625509262085	-1.65054452419281	0.3759956359863281	0.5179312825202942	0	0	0	0	0	0	0.0	-0.6234883666038513	0.7818326950073242	0.0	0.7818326950073242	0.6234884262084961	-1.0	0.0	0.0
-2.6786914031104816e-17	-0.3906625509262085	-1.65054452419281	0.3759956359863281	0.590519905090332	0	0	0	0	0	0	0.0	-0.6234883666038513	0.7818326950073242	0.0	0.7818326950073242	0.6234884262084961	-1.0	0.0	0.0
0.8833659887313843	-0.3906623125076294	1.6478065252304077	0.6489612460136414	0.6434367895126343	0	0	0	0	0	0	0.0	-0.6234883666038513	-0.7818326950073242	-0.0004982050159014761	0.7818325161933899	-0.6234883069992065	0.9999999403953552	0.00038951297756284475	-0.00031062503694556653
0.8833659887313843	-0.5887273550033569	1.8057575225830078	0.6329784989356995	0.6434264183044434	0	0	0	0	0	0	0.0	-0.6234883666038513	-0.7818326950073242	-0.0004982050159014761	0.7818325161933899	-0.6234883069992065	0.9999999403953552	0.00038951297756284475	-0.00031062503694556653
2.6711450343821603e-17	-0.5887273550033569	1.8057575225830078	0.6329784989356995	0.5708379149436951	0	0	0	0	0	0	0.0	-0.6234883666038513	-0.7818326950073242	-0.0004982049576938152	0.7818325161933899	-0.6234883069992065	0.9999999403953552	0.00038951291935518384	-0.0003106250078417361
0.8833659887313843	-0.28074437379837036	1.4195594787597656	0.22052791714668274	0.30107924342155457	0	0	0	0	0	0	1.0	0.0	0.0	0.0	1.0	1.6166779914783547e-06	0.0	-1.6166779914783547e-06	1.0
0.8833659887313843	-0.025478363037109375	0.8964975476264954	0.24150383472442627	0.25809773802757263	0	0	0	0	0	0	1.0	0.0	0.0	0.0	1.0	-2.7949400305260497e-07	0.0	2.7949400305260497e-07	1.0
0.8833659887313843	-0.17629629373550415	2.288344383239746	0.2291107177734375	0.3724696934223175	0	0	0	0	0	0	1.0	0.0	0.0	0.0	1.0	2.460248424540623e-06	0.0	-2.460248424540623e-06	1.0
0.8833659887313843	-0.8357105255126953	-0.6397753953933716	0.4521414041519165	0.5179311633110046	0	0	0	0	0	0	0.0	-1.0	0.0	0.0	0.0	-1.0	1.0	0.0	0.0
-1.1016660231680302e-17	-0.8357105255126953	-0.6397753953933716	0.4521414041519165	0.4453425109386444	0	0	0	0	0	0	0.0	-1.0	0.0	0.0	0.0	-1.0	1.0	0.0	0.0
-1.2355772999175048e-17	-0.8357105255126953	-0.7263934016227722	0.4592587947845459	0.4453425109386444	0	0	0	0	0	0	0.0	-1.0	0.0	0.0	0.0	-1.0	1.0	0.0	0.0
-1.1666086348040585e-17	1.1745214462280273	-0.6397755742073059	0.4126998782157898	0.10675428807735443	0	0	0	0	0	0	0.0	1.0	0.0	-1.0	0.0	0.0	0.0	0.0	1.0
7.362494749956859e-18	1.1745214462280273	0.5910524129867554	0.4126998782157898	0.20789030194282532	0	0	0	0	0	0	0.0	1.0	0.0	-1.0	0.0	0.0	0.0	0.0	1.0
0.8833659887313843	1.1301493644714355	-1.7635656595230103	0.08045109361410141	0.5183171033859253	0	0	0	0	0	0	0.0	-1.0	2.2087697004735674e-07	1.0	0.0	0.0	0.0	2.2087697004735674e-07	1.0
0.8833659887313843	1.1301496028900146	-0.6841475963592529	0.08045109361410141	0.6070104837417603	0	0	0	0	0	0	0.0	-1.0	2.2087697004735674e-07	1.0	0.0	0.0	0.0	2.2087697004735674e-07	1.0
0.8257020115852356	1.1301496028900146	-0.6841475963592529	0.0757126733660698	0.6070104837417603	0	0	0	0	0	0	0.0	-1.0	2.2087697004735674e-07	1.0	0.0	0.0	0.0	2.2087697004735674e-07	1.0
0.8833659887313843	0.01889336109161377	-2.046421527862549	0.24515002965927124	0.016269728541374207	0	0	0	0	0	0	1.0	0.0	0.0	0.0	1.0	-3.351987345467933e-07	0.0	3.351987345467933e-07	1.0
0.8833659887313843	-0.025478601455688477	-2.1035027503967285	0.24150383472442627	0.011579200625419617	0	0	0	0	0	0	1.0	0.0	0.0	0.0	1.0	-3.351987345467933e-07	0.0	3.351987345467933e-07	1.0
0.8833659887313843	1.1745214462280273	-1.7980586290359497	0.3401111960411072	0.03667844831943512	0	0	0	0	0	0	1.0	0.0	0.0	0.0	1.0	-3.351987345467933e-07	0.0	3.351987345467933e-07	1.0
0.8833659887313843	0.01889336109161377	-2.046421527862549	0.24515002965927124	0.016269728541374207	0	0	0	0	0	0	1.0	0.0	0.0	0.0	1.0	5.999947461532429e-06	0.0	-5.999947461532429e-06	1.0
0.8833659887313843	0.01889348030090332	-0.6841474771499634	0.24515002965927124	0.12821166217327118	0	0	0	0	0	0	1.0	0.0	0.0	0.0	1.0	5.999947461532429e-06	0.0	-5.999947461532429e-06	1.0
0.8833659887313843	-0.025478601455688477	-0.6397754549980164	0.24150383472442627	0.13185785710811615	0	0	0	0	0	0	1.0	0.0	0.0	0.0	1.0	5.99994791627978e-06	0.0	-5.99994791627978e-06	1.0
0.8833659887313843	1.1301496028900146	-0.6841475963592529	0.3364650011062622	0.12821166217327118	0	0	0	0	0	0	1.0	0.0	0.0	0.0	1.0	-2.6959382921631914e-06	0.0	2.6959382921631914e-06	1.0
0.8833659887313843	1.1301493644714355	-1.7635656595230103	0.3364650011062622	0.03951285779476166	0	0	0	0	0	0	1.0	0.0	0.0	0.0	1.0	4.342975444160402e-06	0.0	-4.342975444160402e-06	1.0
0.8833659887313843	1.1745214462280273	-1.7980586290359497	0.3401111960411072	0.03667844831943512	0	0	0	0	0	0	1.0	0.0	0.0	0.0	1.0	4.118779543205164e-06	0.0	-4.118779543205164e-06	1.0
0.8833659887313843	1.1745214462280273	-0.6397755742073059	0.3401111960411072	0.13185785710811615	0	0	0	0	0	0	1.0	0.0	0.0	0.0	1.0	-3.570386866158515e-07	0.0	3.570386866158515e-07	1.0
0.8833659887313843	-0.025478601455688477	-0.6397754549980164	0.24150383472442627	0.13185785710811615	0	0	0	0	0	0	1.0	0.0	0.0	0.0	1.0	-1.06369320462818e-07	0.0	1.06369320462818e-07	1.0
0.8257020115852356	0.01889348030090332	-0.6841474771499634	0.9993131160736084	0.7866103649139404	0	0	0	0	0	0	1.0	0.0	0.0	0.0	-0.9690991044044495	-0.24667169153690338	0.0	0.24667169153690338	-0.9690991044044495
0.8257020115852356	0.01889336109161377	-2.046421527862549	0.9993131160736084	0.9988200664520264	0	0	0	0	0	0	1.0	0.0	0.0	0.0	-0.9690990447998047	-0.2466716766357422	0.0	0.2466716766357422	-0.9690990447998047
0.8257020115852356	1.1301493644714355	-1.7635656595230103	0.8568030595779419	0.9988200664520264	0	0	0	0	0	0	1.0	0.0	0.0	0.0	-0.9690991044044495	-0.24667169153690338	0.0	0.24667169153690338	-0.9690991044044495
0.8833659887313843	0.01889336109161377	-2.046421527862549	0.06623581051826477	0.5183171033859253	0	0	0	0	0	0	0.0	-0.2466716766357422	0.9690991044044495	1.0	0.0	0.0	0.0	0.9690991044044495	0.2466716766357422
0.8833659887313843	1.1301493644714355	-1.7635656595230103	0.06623581051826477	0.6086959838867188	0	0	0	0	0	0	0.0	-0.2466716766357422	0.9690991044044495	1.0	0.0	0.0	0.0	0.9690991044044495	0.2466716766357422
0.8257020115852356	1.1301493644714355	-1.7635656595230103	0.06149744987487793	0.6086959838867188	0	0	0	0	0	0	0.0	-0.2466716766357422	0.9690991044044495	1.0	0.0	0.0	0.0	0.9690991044044495	0.2466716766357422
0.8833659887313843	1.1301496028900146	-0.6841475963592529	0.06149744987487793	0.5183171033859253	0	0	0	0	0	0	0.0	-1.0727435295621035e-07	-1.0	1.0	-4.953585084876977e-05	5.313925948574605e-12	-4.953585084876977e-05	-1.0	1.0727436006163771e-07
0.8833659887313843	0.01889348030090332	-0.6841474771499634	0.06149744987487793	0.6096093654632568	0	0	0	0	0	0	0.0	-1.0727435295621035e-07	-1.0	1.0	-4.953584721079096e-05	5.313925948574605e-12	-4.953584721079096e-05	-1.0	1.0727435295621035e-07
0.8257020115852356	0.01889348030090332	-0.6841474771499634	0.056759029626846313	0.6096096038818359	0	0	0	0	0	0	0.0	-1.0727435295621035e-07	-1.0	1.0	-4.953585084876977e-05	5.313926382255474e-12	-4.953585084876977e-05	-1.0	1.0727435295621035e-07
0.8833659887313843	0.01889348030090332	-0.6841474771499634	0.45231878757476807	0.5179311633110046	0	0	0	0	0	0	0.0	1.0	-8.750756563813411e-08	1.0	0.0	0.0	0.0	-8.750756563813411e-08	-1.0
0.8833659887313843	0.01889336109161377	-2.046421527862549	0.45231878757476807	0.6298680305480957	0	0	0	0	0	0	0.0	1.0	-8.750756563813411e-08	1.0	0.0	0.0	0.0	-8.750756563813411e-08	-1.0
0.8257020115852356	0.01889336109161377	-2.046421527862549	0.4475804567337036	0.6298680305480957	0	0	0	0	0	0	0.0	1.0	-8.750756563813411e-08	1.0	0.0	0.0	0.0	-8.750756563813411e-08	-1.0
0.8833659887313843	1.1089587211608887	-0.5742124915122986	0.33472371101379395	0.13724538683891296	0	0	0	0	0	0	1.0	0.0	0.0	0.0	1.0	1.962904889296624e-06	0.0	-1.962904889296624e-06	1.0
0.8833659887313843	1.1745214462280273	0.5910524129867554	0.3401111960411072	0.23299852013587952	0	0	0	0	0	0	1.0	0.0	0.0	0.0	1.0	-7.886709681770299e-06	0.0	7.886709681770299e-06	1.0
0.8833659887313843	0.04008364677429199	0.812155544757843	0.24689126014709473	0.25116708874702454	0	0	0	0	0	0	1.0	0.0	0.0	0.0	1.0	-2.272599203934078e-06	0.0	2.272599203934078e-06	1.0
0.8833659887313843	1.1089587211608887	0.5400874614715576	0.33472371101379395	0.22881054878234863	0	0	0	0	0	0	1.0	0.0	0.0	0.0	1.0	-2.272599203934078e-06	0.0	2.272599203934078e-06	1.0
0.8833659887313843	1.1745214462280273	0.5910524129867554	0.3401111960411072	0.23299852013587952	0	0	0	0	0	0	1.0	0.0	0.0	0.0	1.0	-2.272599203934078e-06	0.0	2.272599203934078e-06	1.0
0.8833659887313843	0.04008364677429199	0.812155544757843	0.24689126014709473	0.25116708874702454	0	0	0	0	0	0	1.0	0.0	0.0	0.0	1.0	5.513752967090113e-06	0.0	-5.513752967090113e-06	1.0
0.8833659887313843	-0.025478363037109375	0.8964975476264954	0.24150383472442627	0.25809773802757263	0	0	0	0	0	0	1.0	0.0	0.0	0.0	1.0	5.513752967090113e-06	0.0	-5.513752967090113e-06	1.0
0.8833659887313843	-0.025478601455688477	-0.6397754549980164	0.24150383472442627	0.13185785710811615	0	0	0	0	0	0	1.0	0.0	0.0	0.0	1.0	5.513752967090113e-06	0.0	-5.513752967090113e-06	1.0
0.8833659887313843	1.1089587211608887	-0.5742124915122986	0.33472371101379395	0.13724538683891296	0	0	0	0	0	0	1.0	0.0	0.0	0.0	1.0	-1.256991026821197e-07	0.0	1.256991026821197e-07	1.0
0.8833659887313843	0.04008448123931885	-0.574213445186615	0.2468913197517395	0.1372452974319458	0	0	0	0	0	0	1.0	0.0	0.0	0.0	1.0	-1.256991026821197e-07	0.0	1.256991026821197e-07	1.0
0.8833659887313843	-0.025478601455688477	-0.6397754549980164	0.24150383472442627	0.13185785710811615	0	0	0	0	0	0	1.0	0.0	0.0	0.0	1.0	-1.256991026821197e-07	0.0	1.256991026821197e-07	1.0
0.8149669766426086	0.04008364677429199	0.812155544757843	0.09106340259313583	0.6322320699691772	0	0	0	0	0	0	0.0	-1.0	1.7197339730046224e-07	1.0	0.0	0.0	0.0	1.7197339730046224e-07	1.0
0.8149669766426086	0.04008340835571289	-0.574213445186615	0.09106343239545822	0.5183171033859253	0	0	0	0	0	0	0.0	-1.0	1.7197339730046224e-07	1.0	0.0	0.0	0.0	1.7197339730046224e-07	1.0
0.8425059914588928	0.04008340835571289	-0.574213445186615	0.0933263823390007	0.5183171033859253	0	0	0	0	0	0	0.0	-1.0	1.7197339730046224e-07	1.0	0.0	0.0	0.0	1.7197339730046224e-07	1.0
0.8833659887313843	1.1089587211608887	0.5400874614715576	0.04640007019042969	0.5183171033859253	0	0	0	0	0	0	0.0	-0.24667146801948547	-0.969099223613739	1.0	-0.00020335495355539024	5.1761333452304825e-05	-0.00020983917056582868	-0.969099223613739	0.24667146801948547
0.8833659887313843	0.04008364677429199	0.812155544757843	0.04640007019042969	0.6056302785873413	0	0	0	0	0	0	0.0	-0.24667146801948547	-0.969099223613739	1.0	-0.00020335495355539024	5.1761333452304825e-05	-0.00020983917056582868	-0.969099223613739	0.24667146801948547
0.8149669766426086	0.04008364677429199	0.812155544757843	0.04077959060668945	0.605631411075592	0	0	0	0	0	0	0.0	-0.24667146801948547	-0.969099223613739	1.0	-0.00020335495355539024	5.1761333452304825e-05	-0.00020983917056582868	-0.969099223613739	0.24667146801948547
0.8833659887313843	0.04008364677429199	0.812155544757843	0.5527117252349854	0.5039244890213013	0	0	0	0	0	0	-1.5685660400777124e-05	1.0	6.019069473950367e-07	1.0	1.5685660400777124e-05	1.0909784360635388e-18	-9.44130711111324e-12	6.019069473950367e-07	-1.0
0.8833659887313843	0.04008448123931885	-0.574213445186615	0.5527117252349854	0.6178411245346069	0	0	0	0	0	0	-1.5685660400777124e-05	1.0	6.019069473950367e-07	1.0	1.5685660400777124e-05	1.0909784360635388e-18	-9.44130711111324e-12	6.019069473950367e-07	-1.0
0.8149669766426086	0.04008340835571289	-0.574213445186615	0.5470911860466003	0.6178411245346069	0	0	0	0	0	0	-1.5685660400777124e-05	1.0	6.019069473950367e-07	1.0	1.5685660400777124e-05	1.0909784360635388e-18	-9.44130711111324e-12	6.019069473950367e-07	-1.0
0.8833659887313843	1.1089587211608887	-0.5742124915122986	0.02953842282295227	0.5183171033859253	0	0	0	0	0	0	0.0	-1.0	0.0	1.0	0.0	0.0	0.0	0.0	1.0
0.8833659887313843	1.1089587211608887	0.5400874614715576	0.02953842282295227	0.6098766326904297	0	0	0	0	0	0	0.0	-1.0	0.0	1.0	0.0	0.0	0.0	0.0	1.0
0.8149669766426086	1.1089587211608887	0.5400874614715576	0.023917853832244873	0.6098766326904297	0	0	0	0	0	0	0.0	-1.0	0.0	1.0	0.0	0.0	0.0	0.0	1.0
0.8439099788665771	1.1362833976745605	0.6007854342460632	0.22029614448547363	0.3763819634914398	0	0	0	0	0	0	-6.881596618768526e-06	0.24667198956012726	0.9690991044044495	1.6459229812415543e-13	0.9690990447998047	-0.24667195975780487	-1.0	-1.6974968275462743e-06	-6.6689485720417e-06
0.8439099788665771	0.012758612632751465	0.8867645263671875	0.12715643644332886	0.3763819634914398	0	0	0	0	0	0	-6.881596618768526e-06	0.24667198956012726	0.9690991044044495	6.204846342674e-14	0.9690991044044495	-0.24667197465896606	-1.0	-1.6974967138594366e-06	-6.668948117294349e-06
0.8833659887313843	-0.025478363037109375	0.8964975476264954	0.12398659437894821	0.37313970923423767	0	0	0	0	0	0	-6.881596618768526e-06	0.24667198956012726	0.9690991044044495	1.6459229812415543e-13	0.9690990447998047	-0.24667197465896606	-1.0	-1.697496941233112e-06	-6.6689485720417e-06
0.8439099788665771	0.012758612632751465	0.8867645263671875	0.12715643644332886	0.3763819634914398	0	0	0	0	0	0	0.0	0.24667862057685852	0.9690973162651062	0.0	0.969097375869751	-0.24667863547801971	-1.0	0.0	0.0
1.2309517059321083e-17	0.012758612632751465	0.8867645263671875	0.12715643644332886	0.44572845101356506	0	0	0	0	0	0	0.0	0.24667862057685852	0.9690973162651062	0.0	0.9690973162651062	-0.24667862057685852	-1.0	0.0	0.0
1.2472342599818471e-17	-0.025478363037109375	0.8964975476264954	0.12398659437894821	0.44572845101356506	0	0	0	0	0	0	0.0	0.24667862057685852	0.9690973162651062	0.0	0.969097375869751	-0.24667863547801971	-1.0	0.0	0.0
0.8439099788665771	1.1362833976745605	0.6007854342460632	0.22029614448547363	0.3763819634914398	0	0	0	0	0	0	0.0	0.24667216837406158	0.9690990447998047	-1.2274963410163764e-05	0.9690989851951599	-0.2466721534729004	-1.0	-1.1895655916305259e-05	3.027892034879187e-06
0.8833659887313843	1.1745214462280273	0.5910524129867554	0.22346606850624084	0.37313970923423767	0	0	0	0	0	0	0.0	0.24667216837406158	0.9690990447998047	-1.2274963410163764e-05	0.9690989851951599	-0.2466721534729004	-1.0	-1.1895655916305259e-05	3.027892034879187e-06
7.362494749956859e-18	1.1745214462280273	0.5910524129867554	0.22346606850624084	0.44572845101356506	0	0	0	0	0	0	0.0	0.24667216837406158	0.9690990447998047	-1.2274964319658466e-05	0.9690989851951599	-0.2466721534729004	-1.0	-1.189565682579996e-05	3.0278922622528626e-06
0.8425059914588928	1.1089587211608887	0.5400874614715576	0.9993131160736084	0.9988200664520264	0	0	0	0	0	0	1.0	0.0	0.0	0.0	0.969099223613739	-0.24667145311832428	0.0	0.24667145311832428	0.969099223613739
0.8425059914588928	0.04008364677429199	0.812155544757843	0.8568030595779419	0.9988200664520264	0	0	0	0	0	0	1.0	0.0	0.0	0.0	0.9690991640090942	-0.24667143821716309	0.0	0.24667143821716309	0.9690991640090942
0.8425059914588928	0.04008340835571289	-0.574213445186615	0.8568030595779419	0.7866103649139404	0	0	0	0	0	0	1.0	0.0	0.0	0.0	0.9690991640090942	-0.24667143821716309	0.0	0.24667143821716309	0.9690991640090942
0.8149669766426086	1.1089587211608887	-0.5742124915122986	0.09558927267789841	0.6098779439926147	0	0	0	0	0	0	0.0	1.0	0.0	1.0	0.0	0.0	0.0	0.0	-1.0
0.8149669766426086	1.1089587211608887	0.5400874614715576	0.09558927267789841	0.5183171033859253	0	0	0	0	0	0	0.0	1.0	0.0	1.0	0.0	0.0	0.0	0.0	-1.0
0.8425059914588928	1.1089587211608887	0.5400874614715576	0.09785228222608566	0.5183171033859253	0	0	0	0	0	0	0.0	1.0	0.0	1.0	0.0	0.0	0.0	0.0	-1.0
0.8149669766426086	0.04008340835571289	-0.574213445186615	0.10237818211317062	0.6061277389526367	0	0	0	0	0	0	0.0	8.922222605178831e-07	-1.0	1.0	0.0	0.0	0.0	-1.0	-8.922222605178831e-07
0.8149669766426086	1.1089587211608887	-0.5742124915122986	0.10237818211317062	0.5183171033859253	0	0	0	0	0	0	0.0	8.922222605178831e-07	-1.0	1.0	0.0	0.0	0.0	-1.0	-8.922222605178831e-07
0.8425059914588928	1.1089587211608887	-0.5742124915122986	0.10464119166135788	0.5183171033859253	0	0	0	0	0	0	0.0	8.922222605178831e-07	-1.0	1.0	0.0	0.0	0.0	-1.0	-8.922222605178831e-07
0.8149669766426086	1.1089587211608887	0.5400874614715576	0.09785228222608566	0.6069262623786926	0	0	0	0	0	0	0.0	0.24667143821716309	0.9690991640090942	1.0	0.0	0.0	0.0	0.9690991640090942	-0.24667143821716309
0.8149669766426086	0.04008364677429199	0.812155544757843	0.09785228222608566	0.5183171033859253	0	0	0	0	0	0	0.0	0.24667143821716309	0.9690991640090942	1.0	0.0	0.0	0.0	0.9690991640090942	-0.24667143821716309
0.8425059914588928	0.04008364677429199	0.812155544757843	0.10011523216962814	0.5183171033859253	0	0	0	0	0	0	0.0	0.24667143821716309	0.9690991640090942	1.0	0.0	0.0	0.0	0.969099223613739	-0.24667145311832428
